# generated by blueprint_to_grid.py from sample_plan.png
# cols=96 rows=68 fill=0.12 cellSize=0.1250 wallHeight=2.5
111111111111111111111111111111111111111111111111111111111111111111111111111111111111111111111111
101111111111111111111111111111111111111111111111111111111111111111111111111111111111111111111101
111111111111111111111111111111111111111111111111111111111111111111111111111111111111111111111111
111000000000000000000000000000000000000000000001100000000000000000000000000000000000000000000111
111000000000000000000000000000000000000000000001100000000000000000000000000000000000000000000111
111000000000000000000000000000000000000000000001100000000000000000000000000000000000000000000111
111000000000000000000000000000000000000000000001100000000000000000000000000000000000000000000111
111000000000000000000000000000000000000000000001100000000000000000000000000000000000000000000111
111000000000000000000000000000000000000000000001100000000000000000000000000000000000000000000111
111000000000000000000000000000000000000000000001100000000000000000000000000000000000000000000111
111000000000000000000000000000000000000000000001100000000000000000000000000000000000000000000111
111000000000000000000000000000000000000000000001100000000000000000000000000000000000000000000111
111000000000000000000000000000000000000000000001100000000000000000000000000000000000000000000111
111000000000000000000000000000000000000000000001100000000000000000000000000000000000000000000111
111000000000000000000000000000000000000000000001100000000000000000000000000000000000000000000111
111000000000000000000000000000000000000000000001100000000000000000000000000000000000000000000111
111000000000000000000000000000000000000000000001100000000000000000000000000000000000000000000111
111000000000000000000000000000000000000000000001100000000000000000000000000000000000000000000111
111000000000000000000000000000000000000000000001100000000000000000000000000000000000000000000111
111000000000000000000000000000000000000000000001100000000000000000000000000000000000000000000111
111000000000000000000000000000000000000000000001100000000000000000000000000000000000000000000111
111000000000000000000000000000000000000000000001100000000000000000000000000000000000000000000111
111000000000000000000000000000000000000000000001100000000000000000000000000000000000000000000111
111000000000000000000000000000000000000000000001100000000000000000000000000000000000000000000111
111000000000000000000000000000000000000000000001100000000000000000000000000000000000000000000111
111000000000000000000000000000000000000000000001100000000000000000000000000000000000000000000111
111000000000000000000000000000000000000000000001100000000000000000000000000000000000000000000111
111000000000000000000000000000000000000000000001100000000000000000000000000000000000000000000111
111000000000000000000000000000000000000000000000000000000000000000000000000000000000000000000111
111000000000000000000000000000000000000000000000000000000000000000000000000000000000000000000111
111000000000000000000000002000000000000000000000000000000000000000000000000000000000000000000111
111000000000000000000000000000000000000000000000000000000000000000000000000000000000000000000111
111000000000000000000000000000000000000000000000000000000000000000000000000000000000000000000111
111000000000000000000000000000000000000000000000111111111111111110000000011111111111111111111111
111000000000000000000000000000000000000000000000111111111111111110000000011111111111111111111111
111000000000000000000000000000000000000000000000100000000000000000000000000000000000000000000111
111000000000000000000000000000000000000000000001100000000000000000000000000000000000000000000111
111000000000000000000000000000000000000000000001100000000000000000000000000000000000000000000111
111000000000000000000000000000000000000000000001100000000000000000000000000000000000000000000111
111000000000000000000000000000000000000000000001100000000000000000000000000000000000000000000111
111000000000000000000000000000000000000000000001100000000000000000000000000000000000000000000111
111000000000000000000000000000000000000000000001100000000000000000000000000000000000000000000111
111000000000000000000000000000000000000000000001100000000000000000000000000000000000000000000111
111000000000000000000000000000000000000000000001100000000000000000000000000000000000000000000111
111000000000000000000000000000000000000000000001100000000000000000000000000000000000000000000111
111000000000000000000000000000000000000000000001100000000000000000000000000000000000000000000111
111000000000000000000000000000000000000000000001100000000000000000000000000000000000000000000111
111000000000000000000000000000000000000000000001100000000000000000000000000000000000000000000111
111000000000000000000000000000000000000000000001100000000000000000000000000000000000000000000111
111000000000000000000000000000000000000000000001100000000000000000000000000000000000000000000111
111000000000000000000000000000000000000000000001100000000000000000000000000000000000000000000111
111000000000000000000000000000000000000000000001100000000000000000000000000000000000000000000111
111000000000000000000000000000000000000000000001100000000000000000000000000000000000000000000111
111000000000000000000000000000000000000000000001100000000000000000000000000000000000000000000111
111000000000000000000000000000000000000000000001100000000000000000000000000000000000000000000111
111000000000000000000000000000000000000000000001100000000000000000000000000000000000000000000111
111000000000000000000000000000000000000000000001100000000000000000000000000000000000000000000111
111000000000000000000000000000000000000000000001100000000000000000000000000000000000000000000111
111000000000000000000000000000000000000000000001100000000000000000000000000000000000000000000111
111000000000000000000000000000000000000000000001100000000000000000000000000000000000000000000111
111000000000000000000000000000000000000000000001100000000000000000000000000000000000000000000111
111000000000000000000000000000000000000000000001100000000000000000000000000000000000000000000111
111000000000000000000000000000000000000000000001100000000000000000000000000000000000000000000111
111000000000000000000000000000000000000000000001100000000000000000000000000000000000000000000111
111000000000000000000000000000000000000000000001100000000000000000000000000000000000000000000111
111111111111111111111111111111111111111111111111111111111111111111111111111111111111111111111111
101111111111111111111111111111111111111111111111111111111111111111111111111111111111111111111101
111111111111111111111111111111111111111111111111111111111111111111111111111111111111111111111111
